800001 2 0 0
100008 2 0 0
900005 2 0 0
100021 2 0 0
800002 2 0 0
100066 2 0 0
900003 2 0 0
100059 2 0 0
900006 2 0 0
100024 2 0 0
900004 2 0 0
100025 2 0 0
900102 2 0 0
100053 2 0 0
800003 2 0 0
100054 2 0 0
800002 2 0 0
700016 2 0 0
700011 2 0 0
700001 2 0 0
900006 2 0 0
100019 2 0 0
900004 2 0 0
100023 2 0 0
900005 2 0 0
100006 2 0 0
900002 2 0 0
100078 2 0 0
800001 2 0 0
100051 2 0 0
900005 2 0 0
100005 2 0 0
800001 2 0 0
100033 2 0 0
800002 2 0 0
100004 2 0 0
900005 2 0 0
100031 2 0 0
900002 2 0 0
100052 2 0 0
800003 2 0 0
700012 2 0 0
700002 2 0 0
700017 2 0 0
900006 2 0 0
100055 2 0 0
900004 2 0 0
100070 2 0 0
800001 2 0 0
100098 2 0 0
900002 2 0 0
100074 2 0 0
900005 2 0 0
100034 2 0 0
800002 2 0 0
100038 2 0 0
900001 2 0 0
100039 2 0 0
900002 2 0 0
100026 2 0 0
800003 2 0 0
100027 2 0 0
900006 2 0 0
100028 2 0 0
800001 2 0 0
700003 2 0 0
700013 2 0 0
700018 2 0 0
900005 2 0 0
100048 2 0 0
900004 2 0 0
100043 2 0 0
800001 2 0 0
100010 2 0 0
900002 2 0 0
100011 2 0 0
900003 2 0 0
100012 2 0 0
800002 2 0 0
100063 2 0 0
900004 2 0 0
100064 2 0 0
800003 2 0 0
100065 2 0 0
800001 2 0 0
100015 2 0 0
800002 2 0 0
100016 2 0 0
800003 2 0 0
700014 2 0 0
700019 2 0 0
700004 2 0 0
900005 2 0 0
100046 2 0 0
900003 2 0 0
100030 2 0 0
900004 2 0 0
100032 2 0 0
900005 2 0 0
100035 2 0 0
900006 2 0 0
100044 2 0 0
800001 2 0 0
100045 2 0 0
900002 2 0 0
100047 2 0 0
900003 2 0 0
100003 2 0 0
800002 2 0 0
100018 2 0 0
800003 2 0 0
700020 2 0 0
700005 2 0 0
100020 2 0 0
800001 2 0 0
100056 2 0 0
900006 2 0 0
100007 2 0 0
800003 2 0 0
100009 2 0 0
900005 2 0 0
100068 2 0 0
800002 2 0 0
100069 2 0 0
900006 2 0 0
100071 2 0 0
900002 2 0 0
100075 2 0 0
900005 2 0 0
100072 2 0 0
900002 2 0 0
100073 2 0 0
800003 2 0 0
700015 2 0 0
700016 2 0 0
700006 2 0 0
900006 2 0 0
100076 2 0 0
900005 2 0 0
100077 2 0 0
800002 2 0 0
100089 2 0 0
900002 2 0 0
100092 2 0 0
800001 2 0 0
100067 2 0 0
900006 2 0 0
100058 2 0 0
800003 2 0 0
100060 2 0 0
900004 2 0 0
100061 2 0 0
900002 2 0 0
100062 2 0 0
900006 2 0 0
100001 2 0 0
900002 2 0 0
700017 2 0 0
700001 2 0 0
700011 2 0 0
900004 2 0 0
100002 2 0 0
900005 2 0 0
100013 2 0 0
900014 2 0 0
100014 2 0 0
800002 2 0 0
100036 2 0 0
900101 2 0 0
100037 2 0 0
900006 2 0 0
100040 2 0 0
900002 2 0 0
100041 2 0 0
900005 2 0 0
100082 2 0 0
900004 2 0 0
100093 2 0 0
800003 2 0 0
700012 2 0 0
700018 2 0 0
700002 2 0 0
900006 2 0 0
100057 2 0 0
900001 2 0 0
100085 2 0 0
900002 2 0 0
100086 2 0 0
800002 2 0 0
100088 2 0 0
900005 2 0 0
100103 2 0 0
900006 2 0 0
100104 2 0 0
800001 2 0 0
100102 2 0 0
900004 2 0 0
100105 2 0 0
800003 2 0 0
100100 2 0 0
900006 2 0 0
100094 2 0 0
800002 2 0 0
700013 2 0 0
700003 2 0 0
700019 2 0 0
800001 2 0 0
100097 2 0 0
900006 2 0 0
100083 2 0 0
900002 2 0 0
100084 2 0 0
800003 2 0 0
100087 2 0 0
900005 2 0 0
100080 2 0 0
900004 2 0 0
100090 2 0 0
800002 2 0 0
100091 2 0 0
900004 2 0 0
100096 2 0 0
800001 2 0 0
700004 2 0 0
700014 2 0 0
700020 2 0 0
900003 2 0 0
100095 2 0 0
900002 2 0 0
100049 2 0 0
900005 2 0 0
100050 2 0 0
900006 2 0 0
100079 2 0 0
800003 2 0 0
100042 2 0 0
800001 2 0 0
100022 2 0 0
900006 2 0 0
100081 2 0 0
900005 2 0 0
100099 2 0 0
800002 2 0 0
100101 2 0 0
100106 2 0 0
800003 2 0 0
700015 2 0 0
700005 2 0 0